# GIMP 'Curves' settings

(time 0)
(linear no)
(channel value)
(curve
    (curve-type smooth)
    (points 4 0 0 1 1)
    (point-types 2 smooth smooth)
    (n-samples 256)
    (samples 256 0 0.0039215686274509803 0.0078431372549019607 0.011764705882352941 0.015686274509803921 0.019607843137254898 0.023529411764705879 0.027450980392156862 0.031372549019607843 0.035294117647058823 0.039215686274509803 0.043137254901960784 0.047058823529411764 0.050980392156862737 0.054901960784313725 0.058823529411764705 0.062745098039215685 0.066666666666666666 0.070588235294117646 0.074509803921568626 0.078431372549019607 0.082352941176470573 0.086274509803921567 0.090196078431372548 0.094117647058823528 0.098039215686274508 0.10196078431372549 0.10588235294117647 0.10980392156862744 0.11372549019607843 0.11764705882352941 0.12156862745098039 0.12549019607843137 0.12941176470588234 0.13333333333333333 0.13725490196078433 0.14117647058823529 0.14509803921568626 0.14901960784313725 0.15294117647058825 0.15686274509803921 0.16078431372549018 0.16470588235294117 0.16862745098039214 0.17254901960784313 0.1764705882352941 0.18039215686274507 0.18431372549019609 0.18823529411764706 0.19215686274509802 0.19607843137254902 0.20000000000000007 0.20392156862745098 0.20784313725490194 0.21176470588235291 0.21568627450980393 0.2196078431372549 0.22352941176470587 0.22745098039215686 0.23137254901960783 0.23529411764705882 0.23921568627450979 0.24313725490196078 0.24705882352941178 0.25098039215686274 0.25490196078431371 0.25882352941176467 0.2627450980392157 0.26666666666666672 0.27058823529411763 0.27450980392156865 0.27843137254901962 0.28235294117647058 0.28627450980392155 0.29019607843137252 0.29411764705882354 0.29803921568627445 0.30196078431372547 0.30588235294117649 0.30980392156862746 0.31372549019607843 0.31764705882352939 0.32156862745098036 0.32549019607843138 0.32941176470588235 0.33333333333333331 0.33725490196078434 0.3411764705882353 0.34509803921568627 0.34901960784313724 0.3529411764705882 0.35686274509803922 0.36078431372549019 0.3647058823529411 0.36862745098039218 0.37254901960784315 0.37647058823529411 0.38039215686274508 0.38431372549019605 0.38823529411764707 0.39215686274509803 0.396078431372549 0.40000000000000002 0.40392156862745099 0.40784313725490196 0.41176470588235292 0.41568627450980389 0.41960784313725491 0.42352941176470588 0.42745098039215679 0.43137254901960786 0.43529411764705883 0.4392156862745098 0.44313725490196076 0.44705882352941173 0.45098039215686275 0.45490196078431372 0.45882352941176469 0.46274509803921571 0.46666666666666667 0.47058823529411764 0.47450980392156861 0.47843137254901957 0.48235294117647054 0.48627450980392151 0.49019607843137253 0.49411764705882355 0.49803921568627452 0.50196078431372548 0.50588235294117645 0.50980392156862742 0.51372549019607838 0.51764705882352935 0.52156862745098043 0.52549019607843139 0.52941176470588236 0.53333333333333333 0.53725490196078429 0.54117647058823526 0.54509803921568623 0.5490196078431373 0.55294117647058827 0.55686274509803924 0.5607843137254902 0.56470588235294117 0.56862745098039214 0.5725490196078431 0.57647058823529407 0.58039215686274503 0.584313725490196 0.58823529411764708 0.59215686274509793 0.5960784313725489 0.59999999999999998 0.60392156862745083 0.60784313725490191 0.61176470588235299 0.61568627450980395 0.61960784313725492 0.62352941176470589 0.62745098039215685 0.63137254901960782 0.63529411764705879 0.63921568627450975 0.64313725490196072 0.6470588235294118 0.65098039215686276 0.65490196078431373 0.6588235294117647 0.66274509803921566 0.66666666666666663 0.6705882352941176 0.67450980392156867 0.67843137254901964 0.68235294117647061 0.68627450980392157 0.69019607843137254 0.69411764705882351 0.69803921568627447 0.70196078431372544 0.70588235294117641 0.70980392156862748 0.71372549019607834 0.71764705882352942 0.72156862745098027 0.72549019607843124 0.7294117647058822 0.73333333333333317 0.73725490196078436 0.74117647058823533 0.74509803921568629 0.74901960784313726 0.75294117647058822 0.75686274509803919 0.76078431372549016 0.76470588235294112 0.76862745098039209 0.77254901960784317 0.77647058823529413 0.7803921568627451 0.78431372549019629 0.78823529411764726 0.792156862745098 0.79607843137254897 0.80000000000000004 0.80392156862745101 0.80784313725490198 0.81176470588235294 0.81568627450980391 0.81960784313725488 0.82352941176470584 0.82745098039215681 0.83137254901960778 0.83529411764705874 0.83921568627450971 0.84313725490196079 0.84705882352941164 0.85098039215686261 0.85490196078431369 0.85882352941176465 0.86274509803921573 0.8666666666666667 0.87058823529411766 0.87450980392156863 0.8784313725490196 0.88235294117647056 0.88627450980392153 0.8901960784313725 0.89411764705882346 0.89803921568627476 0.90196078431372551 0.90588235294117647 0.90980392156862744 0.9137254901960784 0.91764705882352959 0.92156862745098034 0.92549019607843142 0.92941176470588238 0.93333333333333335 0.93725490196078431 0.94117647058823528 0.94509803921568625 0.94901960784313721 0.95294117647058818 0.95686274509803915 0.96078431372549011 0.96470588235294108 0.96862745098039205 0.97254901960784301 0.97647058823529398 0.98039215686274495 0.98431372549019591 0.9882352941176471 0.99215686274509807 0.99607843137254903 1))
(channel red)
(curve
    (curve-type smooth)
    (points 16 0 0 0.23734177215189872 0.20703125 0.35443037974683544 0.4296875 0.48417721518987344 0.76171875 0.550632911392405 0.5546875 0.72784810126582278 0.109375 0.82594936708860756 0.234375 1 1)
    (point-types 8 smooth smooth smooth smooth smooth smooth smooth smooth)
    (n-samples 256)
    (samples 256 0 0.0027541867524136713 0.0055094656579648344 0.0082669288697909786 0.011027668541029594 0.013792776824818172 0.016563345874294203 0.019340467842595181 0.022125234882858589 0.02491873914822192 0.02772207279182267 0.030536327966798334 0.033362596826286388 0.036201971523424324 0.039055544211349644 0.041924407043199836 0.044809652172112378 0.04771237175122478 0.050633657933674518 0.053574602872599082 0.056536298721135983 0.059519837632422676 0.062526311759596692 0.065556813255795501 0.068612434274156586 0.07169426696781743 0.074803403489915571 0.07794093599358845 0.08110795663197358 0.084305557558208441 0.087534830925430546 0.090796868886777349 0.094092763595386389 0.097423607204395135 0.10079049186694104 0.10419450973616159 0.10763675296519441 0.11111831370717686 0.11464028411524642 0.11820375634254066 0.12180982254219701 0.12545957486735301 0.12915410547114611 0.13289450650671381 0.13668187012719363 0.14051728848572304 0.14440185373543948 0.14833665802948054 0.15232279352098366 0.15636135236308629 0.16045342670892598 0.16460010871164021 0.16880249052436647 0.17306166430024228 0.17737872219240503 0.18175475635399227 0.18619085893814152 0.19068812209799027 0.19524763798667594 0.19987049875733603 0.20455779656310816 0.20703125 0.211919654214134 0.21707032859573455 0.22247420209813734 0.22812220367467809 0.23400526227869245 0.24011430686351598 0.24644026638248465 0.25297406978893378 0.25970664603619931 0.26662892407761679 0.27373183286652203 0.28100630135625043 0.28844325850013802 0.29603363325152021 0.30376835456373286 0.31163835139011148 0.31963455268399188 0.32774788739870969 0.33596928448760061 0.34428967290400031 0.35269998160124438 0.36119113953266857 0.36975407565160856 0.37837971891139999 0.38705899826537876 0.39578284266688019 0.40454218106924017 0.41332794242579435 0.4296875 0.43879376939827403 0.44845550372749327 0.45862468645772941 0.46925330105905505 0.4802933310015417 0.49169675975526184 0.50341557079028687 0.51540174757668966 0.52760727358454185 0.53998413228391517 0.55248430714488239 0.56505978163751502 0.57766253923188515 0.59024456339806486 0.60275783760612656 0.61515434532614177 0.6273860700281827 0.63940499518232152 0.65116310425863022 0.66261238072718087 0.67370480805804545 0.68439236972129613 0.6946270491870048 0.70436082992524351 0.71354569540608448 0.72213362909959933 0.73007661447586081 0.73732663500494044 0.74383567415691043 0.74955571540184285 0.75443874220980967 0.75843673805088285 0.76171875 0.76243627664573022 0.75982092203713714 0.75421604052252766 0.74596498645020926 0.73541111416848848 0.72289777802567279 0.70876833237006931 0.69336613154998494 0.6770345299137267 0.66011688180960215 0.64295654158591775 0.62589686359098107 0.609281202173099 0.59345291168057868 0.5787553464617271 0.56553186086485152 0.5546875 0.5441025623862189 0.5333541151372323 0.52245581282950393 0.5114213100394982 0.50026426134367918 0.48899832131851084 0.4776371445404578 0.46619438558598369 0.45468369903155281 0.44311873945362967 0.4315131614286779 0.4198806195331618 0.40823476834354577 0.39658926243629367 0.38495775638786961 0.37335390477473807 0.36179136217336294 0.35028378316020836 0.33884482231173846 0.32748813420441758 0.31622737341470963 0.30507619451907897 0.2940482520939896 0.28315720071590567 0.27241669496129139 0.26184038940661092 0.25144193862832825 0.24123499720290778 0.23123321970681346 0.22145026071650942 0.21189977480846003 0.20259541655912913 0.19355084054498112 0.18477970134248001 0.17629565352808999 0.16811235167827521 0.16024345036949977 0.15270260417822784 0.14550346768092362 0.13865969545405119 0.13218494207407464 0.12609286211745832 0.12039711016066615 0.11511134078016237 0.11024920855241119 0.109375 0.10526075726291853 0.10203198945619409 0.099672179444889111 0.098164810094066135 0.097493364268787616 0.097641324834116056 0.098592174655113995 0.10032939659684388 0.10283647352436819 0.10609688830274944 0.11009412379705016 0.11481166287233278 0.12023298839365981 0.12634158322609379 0.13312093023469715 0.14055451228453242 0.1486258122406621 0.1573183129681486 0.16661549733205455 0.17650084819744233 0.18695784842937449 0.19796998089291354 0.20952072845312189 0.22159357397506213 0.234375 0.24735660654777725 0.26063004690622738 0.27418859414529173 0.28802552133491194 0.30213410154502918 0.31650760784558529 0.33113931330652124 0.34602249099777893 0.36115041398929953 0.37651635535102468 0.3921135881528956 0.40793538546485414 0.42397502035684126 0.44022576589879875 0.45668089516066795 0.47333368121239039 0.4901773971239074 0.5072053159651605 0.52441071080609114 0.5417868547166409 0.55932702076675089 0.57702448202636281 0.5948725115654182 0.61286438245385844 0.63099336776162473 0.64925274055865889 0.66763577391490225 0.68613574090029605 0.70474591458478231 0.72345956803830169 0.74226997433079611 0.76117040653220724 0.7801541377124761 0.79921444094154426 0.81834458928935339 0.8375378558258445 0.8567875136209594 0.8760868357446393 0.89542909526682624 0.91480756525746065 0.93421551878648534 0.95364622892384054 0.97309296873946816 1))
(channel green)
(curve
    (curve-type smooth)
    (points 12 0 0 0.33544303797468356 0.34375 0.50632911392405067 0.453125 0.73417721518987333 0.3046875 0.80379746835443033 0.59765625 1 1)
    (point-types 6 smooth smooth smooth smooth smooth smooth)
    (n-samples 256)
    (samples 256 0 0.0042732408469088505 0.0085462729184450446 0.012818887439235935 0.017090875633908865 0.021362028727091177 0.025632137943410228 0.029900994507493357 0.034168389643967907 0.038434114577461223 0.042697960532600672 0.04695971873401359 0.051219180406327294 0.055476136774169175 0.059730379062166571 0.063981698494946795 0.068229886297137221 0.072474733693365198 0.076716031908258042 0.080953572166443166 0.085187145692547858 0.089416543711199462 0.093641557447025375 0.097861978124652874 0.10207759696870936 0.10628820520382218 0.11049359405461863 0.11469355474572611 0.11888787850177197 0.12307635654738346 0.12725878010718805 0.13143494040581305 0.13560462866788575 0.13976763611803356 0.14392375398088381 0.14807277348106382 0.15221448584320099 0.15634868229192261 0.16047515405185608 0.16459369234762866 0.1687040884038678 0.17280613344520082 0.17689961869625501 0.1809843353816577 0.18506007472603642 0.1891266279540183 0.19318378629023075 0.19723134095930123 0.2012690831858569 0.20529680419452526 0.20931429520993358 0.21332134745670925 0.21731775215947954 0.22130330054287195 0.22527778383151362 0.22924099325003205 0.23319272002305458 0.23713275537520842 0.24106089053112106 0.24497691671541977 0.24888062515273199 0.25277180706768493 0.25665025368490596 0.26051575622902262 0.26436810592466203 0.2682070939964516 0.27203251166901871 0.27584415016699076 0.27964180071499489 0.28342525453765871 0.28719430285960934 0.29094873690547429 0.29468834789988074 0.29841292706745631 0.30212226563282807 0.30581615482062352 0.3094943858554699 0.31315674996199466 0.3168030383648251 0.32043304228858849 0.32404655295791235 0.32764336159742385 0.33122325943175052 0.33478603768551951 0.33833148758335835 0.34185940034989426 0.34375 0.34727904189449188 0.35084318134525411 0.35443643165027516 0.35805280610754392 0.36168631801504858 0.36533098067077807 0.36898080737272099 0.37262981141886564 0.37627200610720102 0.37990140473571543 0.38351202060239764 0.3870978670052363 0.39065295724221988 0.39417130461133704 0.39764692241057631 0.40107382393792629 0.40444602249137579 0.40775753136891341 0.41100236386852751 0.41417453328820669 0.41726805292593977 0.42027693607971528 0.42319519604752187 0.42601684612734797 0.42873589961718239 0.43134636981501356 0.4338422700188303 0.43621761352662103 0.43846641363637434 0.440582683646079 0.44256043685372354 0.44439368655729639 0.44607644605478652 0.44760272864418227 0.44896654762347227 0.45016191629064511 0.45118284794368957 0.45202335588059406 0.45267745339934723 0.45313915379793779 0.45340247037435416 0.45346141642658516 0.453125 0.45259129842474832 0.45176641357303288 0.45066213090484064 0.44929023588015743 0.44766251395896989 0.44579075060126394 0.44368673126702646 0.44136224141624347 0.43882906650890124 0.43609899200498636 0.43318380336448492 0.43009528604738334 0.4268452255136681 0.42344540722332547 0.41990761663634157 0.41624363921270302 0.41246526041239584 0.40858426569540673 0.40461244052172191 0.40056157035132733 0.39644344064421 0.39226983686035571 0.38805254445975096 0.38380334890238227 0.37953403564823585 0.37525639015729784 0.37098219788955494 0.36672324430499303 0.36249131486359887 0.35829819502535865 0.35415567025025863 0.35007552599828518 0.34606954772942472 0.34214952090366346 0.33832723098098788 0.33461446342138412 0.33102300368483872 0.32756463723133789 0.32425114952086798 0.32109432601341537 0.31810595216896637 0.31529781344750724 0.31268169530902457 0.31026938321350434 0.30807266262093319 0.30610331899129722 0.30437313778458291 0.30289390446077658 0.30167740447986452 0.30073542330183306 0.30007974638666868 0.29972215919435746 0.29967444718488601 0.29994839581824045 0.30055579055440718 0.3015084168533726 0.30281806017512292 0.3046875 0.308522935361706 0.31595397927385122 0.32658386801389783 0.34001583785930833 0.35585312508754474 0.37369896597606944 0.3931565968023446 0.41382925384383229 0.435320173377995 0.45723259168229491 0.47916974503419413 0.500734869711155 0.52153120199063974 0.54116197815011069 0.5592304344670298 0.57533980721885947 0.58909333268306219 0.59765625 0.60784790359881102 0.61790934539192133 0.62784323104801543 0.63765221623577806 0.64733895662389418 0.6569061078810482 0.66635632567592507 0.67569226567720952 0.68491658355358664 0.69403193497374049 0.70304097560635648 0.71194636112011878 0.72075074718371246 0.72945678946582204 0.73806714363513282 0.74658446536032896 0.75501141031009567 0.76335063415311721 0.77160479255807846 0.77977654119366457 0.78786853572855975 0.79588343183144916 0.80382388517101722 0.81169255141594898 0.81949208623492897 0.82722514529664215 0.83489438426977292 0.84250245882300634 0.85005202462502694 0.85754573734451978 0.86498625265016926 0.87237622621066035 0.87971831369467779 0.88701517077090608 0.89426945310803019 0.90148381637473485 0.90866091623970491 0.91580340837162488 0.92291394843917973 0.92999519211105408 0.93704979505593267 0.94408041294250022 0.9510897014394416 0.95808031621544154 0.96505491293918455 0.97201614727935592 0.97896667490463962 0.98590915148372094 0.99284623268528482 1))
(channel blue)
(curve
    (curve-type smooth)
    (points 12 0 0 0.37341772151898733 0.48046875 0.48417721518987344 0.7109375 0.57278481012658233 0.4765625 0.78797468354430378 0.12109375 1 1)
    (point-types 6 smooth smooth smooth smooth smooth smooth)
    (n-samples 256)
    (samples 256 0 0.0046896384475786064 0.0093795126041204494 0.014069858178588777 0.018760910879946819 0.023452906417157832 0.028146080499185031 0.032840668834991683 0.037536907133541006 0.042235031103796263 0.046935276454720662 0.051637878895277482 0.056343074134429919 0.061051097881141249 0.065762185844374696 0.070476573733093517 0.075194497256260928 0.079916192122840193 0.084641894041794535 0.089371838722087191 0.094106261872681424 0.098845399202540457 0.1035894864206275 0.10833875923590586 0.1130934533573387 0.11785380449388935 0.12262004835452101 0.12739242064819686 0.13217115708388022 0.13695649337053428 0.14174866521712234 0.14654790833260761 0.15135445842595324 0.15616855120612264 0.16099042238207895 0.16582030766278538 0.17065844275720521 0.17550506337430175 0.18036040522303817 0.18522470401237764 0.19009819545128351 0.19498111524871897 0.19987369911364733 0.20477618275503176 0.20968880188183542 0.21461179220302176 0.21954538942755386 0.22448982926439495 0.22944534742250836 0.23441217961085734 0.23939056153840502 0.24438072891411478 0.24938291744694968 0.25439736284587317 0.2594243008198483 0.26446396707783848 0.26951659732880678 0.27458242728171656 0.27966169264553103 0.2847546291292134 0.28986147244172694 0.29498245829203495 0.30011782238910056 0.30526780044188706 0.31043262815935768 0.31561254125047561 0.3208077754242043 0.3260185663895066 0.3312451498553462 0.33648776153068599 0.34174663712448944 0.34702201234571967 0.35231412290333991 0.35762320450631346 0.36294949286360362 0.36829322368417339 0.37365463267698623 0.37903395555100527 0.38443142801519392 0.38984728577851518 0.39528176454993247 0.40073510003840895 0.40620752795290793 0.41169928400239253 0.41721060389582604 0.42274172334217175 0.4282928780503929 0.43386430372945256 0.4394562360883143 0.44506891083594108 0.45070256368129624 0.45635743033334297 0.46203374650104462 0.46773174789336425 0.47345167021926532 0.48046875 0.4866753285392374 0.49372531385710289 0.50153868642462551 0.51003542671283519 0.51913551519276124 0.52875893233543303 0.53882565861188003 0.54925567449313184 0.5599689604502176 0.57088549695416724 0.58192526447600967 0.59300824348677461 0.60405441445749153 0.61498375785918991 0.62571625416289922 0.63617188383964873 0.64627062736046792 0.65593246519638637 0.66507737781843357 0.67362534569763888 0.68149634930503167 0.68861036911164142 0.69488738558849794 0.70024737920663016 0.70461033043706767 0.70789621975084016 0.71002502761897679 0.7109375 0.70985277215138931 0.70685454654501312 0.70209625121984032 0.69573131421484091 0.68791316356898391 0.6787952273212382 0.66853093351057369 0.65727371017595937 0.64517698535636459 0.63239418709075856 0.61907874341811053 0.60538408237739016 0.59146363200756613 0.5774708203476081 0.56355907543648553 0.54988182531316732 0.5365924980166229 0.52384452158582184 0.51179132405973304 0.50058633347732584 0.49038297787756979 0.48133468529943407 0.4765625 0.4687876635958611 0.46070462583520028 0.45233360553780766 0.44369482152347361 0.43480849261198856 0.42569483762314242 0.41637407537672583 0.40686642469252887 0.39719210439034197 0.38737133328995543 0.37742433021115945 0.36737131397374445 0.35723250339750051 0.34702811730221822 0.33677837450768766 0.32650349383369914 0.31622369410004303 0.30595919412650951 0.29573021273288913 0.28555696873897174 0.2754596809645482 0.26545856822940828 0.2555738493533426 0.24582574315614125 0.23623446845759469 0.22682024407749313 0.21760328883562682 0.20860382155178625 0.19984206104576147 0.19133822613734294 0.18311253564632085 0.17518520839248553 0.1675764631956273 0.16030651887553646 0.15339559425200325 0.14686390814481798 0.14073167937377101 0.13501912675865257 0.12974646911925294 0.1249339252753624 0.12060171404677132 0.11677005425326997 0.11345916471464862 0.11068926425069758 0.10848057168120713 0.10685330582596755 0.10582768550476916 0.10542392953740228 0.10566225674365715 0.10656288594332408 0.10814603595619338 0.11043192560205529 0.11344077370070017 0.1171927990719183 0.12109375 0.12621431874541911 0.1319585315479076 0.1383146362742414 0.14527088079119654 0.15281551296554891 0.16093678066407457 0.16962293175354937 0.17886221410074932 0.18864287557245041 0.19895316403542851 0.2097813273564596 0.22111561340231978 0.2329442700397848 0.24525554513563078 0.25803768655663367 0.27127894216956927 0.28496755984121369 0.29909178743834297 0.31363987282773281 0.32860006387615937 0.34396060845039861 0.35970975441722636 0.3758357496434187 0.39232684199575157 0.40917127934100078 0.42635730954594248 0.44387318047735264 0.46170714000200702 0.47984743598668184 0.49828231629815284 0.51700002880319607 0.53598882136858739 0.55523694186110306 0.57473263814751874 0.59446415809461062 0.61441974956915435 0.63458766043792592 0.65495613856770174 0.67551343182525747 0.69624778807736887 0.71714745519081213 0.73820068103236325 0.75939571346879819 0.78072080036689262 0.80216418959342295 0.82371412901516494 0.84535886649889425 0.86708664991138706 0.88888572711941971 0.91074434598976761 0.93265075438920708 0.95459320018451388 0.97655993124246376 1))
(channel alpha)
(curve
    (curve-type smooth)
    (points 4 0 0 1 1)
    (point-types 2 smooth smooth)
    (n-samples 256)
    (samples 256 0 0.0039215686274509803 0.0078431372549019607 0.011764705882352941 0.015686274509803921 0.019607843137254898 0.023529411764705879 0.027450980392156862 0.031372549019607843 0.035294117647058823 0.039215686274509803 0.043137254901960784 0.047058823529411764 0.050980392156862737 0.054901960784313725 0.058823529411764705 0.062745098039215685 0.066666666666666666 0.070588235294117646 0.074509803921568626 0.078431372549019607 0.082352941176470573 0.086274509803921567 0.090196078431372548 0.094117647058823528 0.098039215686274508 0.10196078431372549 0.10588235294117647 0.10980392156862744 0.11372549019607843 0.11764705882352941 0.12156862745098039 0.12549019607843137 0.12941176470588234 0.13333333333333333 0.13725490196078433 0.14117647058823529 0.14509803921568626 0.14901960784313725 0.15294117647058825 0.15686274509803921 0.16078431372549018 0.16470588235294117 0.16862745098039214 0.17254901960784313 0.1764705882352941 0.18039215686274507 0.18431372549019609 0.18823529411764706 0.19215686274509802 0.19607843137254902 0.20000000000000007 0.20392156862745098 0.20784313725490194 0.21176470588235291 0.21568627450980393 0.2196078431372549 0.22352941176470587 0.22745098039215686 0.23137254901960783 0.23529411764705882 0.23921568627450979 0.24313725490196078 0.24705882352941178 0.25098039215686274 0.25490196078431371 0.25882352941176467 0.2627450980392157 0.26666666666666672 0.27058823529411763 0.27450980392156865 0.27843137254901962 0.28235294117647058 0.28627450980392155 0.29019607843137252 0.29411764705882354 0.29803921568627445 0.30196078431372547 0.30588235294117649 0.30980392156862746 0.31372549019607843 0.31764705882352939 0.32156862745098036 0.32549019607843138 0.32941176470588235 0.33333333333333331 0.33725490196078434 0.3411764705882353 0.34509803921568627 0.34901960784313724 0.3529411764705882 0.35686274509803922 0.36078431372549019 0.3647058823529411 0.36862745098039218 0.37254901960784315 0.37647058823529411 0.38039215686274508 0.38431372549019605 0.38823529411764707 0.39215686274509803 0.396078431372549 0.40000000000000002 0.40392156862745099 0.40784313725490196 0.41176470588235292 0.41568627450980389 0.41960784313725491 0.42352941176470588 0.42745098039215679 0.43137254901960786 0.43529411764705883 0.4392156862745098 0.44313725490196076 0.44705882352941173 0.45098039215686275 0.45490196078431372 0.45882352941176469 0.46274509803921571 0.46666666666666667 0.47058823529411764 0.47450980392156861 0.47843137254901957 0.48235294117647054 0.48627450980392151 0.49019607843137253 0.49411764705882355 0.49803921568627452 0.50196078431372548 0.50588235294117645 0.50980392156862742 0.51372549019607838 0.51764705882352935 0.52156862745098043 0.52549019607843139 0.52941176470588236 0.53333333333333333 0.53725490196078429 0.54117647058823526 0.54509803921568623 0.5490196078431373 0.55294117647058827 0.55686274509803924 0.5607843137254902 0.56470588235294117 0.56862745098039214 0.5725490196078431 0.57647058823529407 0.58039215686274503 0.584313725490196 0.58823529411764708 0.59215686274509793 0.5960784313725489 0.59999999999999998 0.60392156862745083 0.60784313725490191 0.61176470588235299 0.61568627450980395 0.61960784313725492 0.62352941176470589 0.62745098039215685 0.63137254901960782 0.63529411764705879 0.63921568627450975 0.64313725490196072 0.6470588235294118 0.65098039215686276 0.65490196078431373 0.6588235294117647 0.66274509803921566 0.66666666666666663 0.6705882352941176 0.67450980392156867 0.67843137254901964 0.68235294117647061 0.68627450980392157 0.69019607843137254 0.69411764705882351 0.69803921568627447 0.70196078431372544 0.70588235294117641 0.70980392156862748 0.71372549019607834 0.71764705882352942 0.72156862745098027 0.72549019607843124 0.7294117647058822 0.73333333333333317 0.73725490196078436 0.74117647058823533 0.74509803921568629 0.74901960784313726 0.75294117647058822 0.75686274509803919 0.76078431372549016 0.76470588235294112 0.76862745098039209 0.77254901960784317 0.77647058823529413 0.7803921568627451 0.78431372549019629 0.78823529411764726 0.792156862745098 0.79607843137254897 0.80000000000000004 0.80392156862745101 0.80784313725490198 0.81176470588235294 0.81568627450980391 0.81960784313725488 0.82352941176470584 0.82745098039215681 0.83137254901960778 0.83529411764705874 0.83921568627450971 0.84313725490196079 0.84705882352941164 0.85098039215686261 0.85490196078431369 0.85882352941176465 0.86274509803921573 0.8666666666666667 0.87058823529411766 0.87450980392156863 0.8784313725490196 0.88235294117647056 0.88627450980392153 0.8901960784313725 0.89411764705882346 0.89803921568627476 0.90196078431372551 0.90588235294117647 0.90980392156862744 0.9137254901960784 0.91764705882352959 0.92156862745098034 0.92549019607843142 0.92941176470588238 0.93333333333333335 0.93725490196078431 0.94117647058823528 0.94509803921568625 0.94901960784313721 0.95294117647058818 0.95686274509803915 0.96078431372549011 0.96470588235294108 0.96862745098039205 0.97254901960784301 0.97647058823529398 0.98039215686274495 0.98431372549019591 0.9882352941176471 0.99215686274509807 0.99607843137254903 1))

# end of 'Curves' settings
