# GIMP 'Curves' settings

(time 0)
(linear no)
(channel value)
(curve
    (curve-type smooth)
    (points 6 0 0 0.50316455696202533 0.5546875 1 1)
    (point-types 3 smooth smooth smooth)
    (n-samples 256)
    (samples 256 0 0.0045238964239792115 0.0090477196715229337 0.013571396566195675 0.018094853931561943 0.022618018591186256 0.027140817368633122 0.031663177087467048 0.036185024571252528 0.040706286643554093 0.045226890127936251 0.049746761847963512 0.054265828627200384 0.058784017289211343 0.063301254657560965 0.067817467555813707 0.072332582807534129 0.076846527236286682 0.0813592276656359 0.085870610919146287 0.090380603820382391 0.094889133192908676 0.099396125860289702 0.10390150864608989 0.10840520837387384 0.112907151867206 0.11740726594965095 0.12190547744477309 0.12640171317613708 0.13089589996730733 0.1353879646418483 0.13987783402332463 0.14436543493530074 0.14885069420134117 0.15333353864501043 0.15781389508987306 0.16229169035949348 0.16676685127743623 0.17123930466726595 0.17570897735254701 0.1801757961568439 0.18463968790372126 0.18910057941674352 0.19355839751947512 0.19801306903548072 0.20246452078832469 0.20691267960157167 0.21135747229878604 0.21579882570353245 0.22023666663937524 0.22467092192987909 0.22910151839860846 0.23352838286912775 0.23795144216500158 0.24237062310979446 0.24678585252707089 0.25119705724039526 0.25560416407333225 0.26000709984944642 0.26440579139230203 0.26880016552546371 0.27319014907249606 0.27757566885696344 0.28195665170243051 0.28633302443246161 0.29070471387062141 0.29507164684047432 0.29943375016558493 0.30379095066951772 0.30814317517583711 0.31249035050810769 0.316832403489894 0.3211692609447605 0.32550084969627169 0.32982709656799208 0.33414792838348628 0.33846327196631865 0.34277305414005393 0.34707720172825629 0.35137564155449041 0.35566830044232089 0.35995510521531215 0.36423598269702878 0.36851085971103503 0.37277966308089572 0.37704231963017532 0.38129875618243819 0.38554889956124888 0.38979267659017192 0.39403001409277194 0.39826083889261327 0.40248507781326043 0.40670265767827812 0.41091350531123055 0.41511754753568259 0.41931471117519847 0.42350492305334281 0.42768810999368001 0.43186419881977478 0.43603311635519149 0.44019478942349466 0.44434914484824883 0.44849610945301843 0.45263561006136815 0.45676757349686237 0.46089192658306555 0.46500859614354229 0.46911750900185717 0.47321859198157445 0.47731177190625895 0.48139697559947492 0.485474129884787 0.48954316158575978 0.49360399752595752 0.49765656452894502 0.50170078941828655 0.50573659901754675 0.50976392015028993 0.51378267964008106 0.51779280431048424 0.52179422098506401 0.52578685648738521 0.52977063764101184 0.53374549126950876 0.53771134419644029 0.54166812324537117 0.54561575523986583 0.54955416700348858 0.5546875 0.55860426640501071 0.5625114790376492 0.56640921390667931 0.5702975470208641 0.57417655438896675 0.57804631201975076 0.58190689592197953 0.58575838210441611 0.58960084657582379 0.59343436534496585 0.59725901442060592 0.60107486981150693 0.60488200752643251 0.6086805035741456 0.61247043396340972 0.61625187470298814 0.62002490180164416 0.62378959126814104 0.6275460191112423 0.63129426133971089 0.63503439396231021 0.63876649298780386 0.64249063442495469 0.64620689428252609 0.64991534856928168 0.65361607329398463 0.65730914446539801 0.66099463809228531 0.66467263018341005 0.66834319674753506 0.67200641379342396 0.67566235732983992 0.67931110336554623 0.68295272790930639 0.68658730696988346 0.69021491655604084 0.6938356326765418 0.69744953134014953 0.70105668855562764 0.70465718033173919 0.70825108267724746 0.71183847160091585 0.71541942311150797 0.71899401321778633 0.72256231792851477 0.72612441325245669 0.72968037519837503 0.73323027977503352 0.73677420299119512 0.74031222085562298 0.74384440937708085 0.74737084456433178 0.75089160242613906 0.75440675897126619 0.75791639020847634 0.76142057214653258 0.76491938079419863 0.76841289216023756 0.77190118225341253 0.77538432708248728 0.77886240265622453 0.78233548498338801 0.785803650072741 0.78926697393304657 0.79272553257306821 0.79617940200156911 0.79962865822731255 0.80307337725906214 0.80651363510558072 0.80994950777563191 0.81338107127797876 0.81680840162138479 0.82023157481461328 0.82365066686642752 0.82706575378559066 0.83047691158086612 0.83388421626101727 0.83728774383480731 0.84068757031099961 0.84408377169835724 0.84747642400564382 0.85086560324162253 0.85425138541505663 0.85763384653470909 0.86101306260934418 0.8643891096477242 0.86776206365861297 0.87113200065077367 0.87449899663296937 0.87786312761396401 0.88122446960251999 0.88458309860740136 0.88793909063737109 0.89129252170119255 0.89464346780762882 0.89799200496544374 0.90133820918340002 0.90468215647026118 0.90802392283479061 0.9113635842857517 0.91470121683190753 0.91803689648202136 0.92137069924485693 0.92470270112917718 0.92803297814374519 0.93136160629732456 0.93468866159867836 0.93801422005657054 0.9413383576797637 0.94466115047702137 0.94798267445710693 0.95130300562878356 0.95462222000081454 0.95794039358196348 0.96125760238099323 0.96457392240666739 0.96788942966774905 0.97120420017300169 0.9745183099311886 0.97783183495107273 0.98114485124141804 0.98445743481098746 0.9877696616685443 0.99108160782285171 0.9943933492826732 0.99770496205677195 1))
(channel red)
(curve
    (curve-type smooth)
    (points 16 0 0 0.19303797468354431 0.171875 0.37341772151898733 0.22265625 0.45886075949367094 0.3671875 0.61075949367088589 0.58203125 0.699367088607595 0.1953125 0.82911392405063278 0.46875 1 1)
    (point-types 8 smooth smooth smooth smooth smooth smooth smooth smooth)
    (n-samples 256)
    (samples 256 0 0.004068077041857565 0.0081347261284306274 0.012198519304434689 0.016258028614585245 0.020311826103597799 0.024358483816187843 0.028396573797070872 0.032424668090962401 0.036441338742577919 0.040445157796632922 0.044434697297842919 0.048408529290923395 0.052365225820589847 0.056303358931557787 0.060221500668542711 0.064118223076260111 0.067992098199425491 0.071841698082754354 0.0756655947709622 0.079462360308764482 0.083230566740876782 0.086968786112014529 0.090675590466893261 0.094349551850228447 0.097989242306735572 0.1015932338811302 0.10516009861812779 0.10868840856244383 0.11217673575879385 0.11562365225189333 0.11902773008645774 0.12238754130720264 0.1257016579588435 0.12896865208609579 0.13218709573367507 0.13535556094629678 0.13847261976867642 0.14153684424552954 0.14454680642157158 0.14750107834151813 0.15039823205008451 0.15323683959198642 0.15601547301193924 0.15873270435465855 0.16138710566485975 0.16397724898725841 0.16650170636657002 0.16895904984751006 0.171875 0.17412241237757131 0.17619374813441566 0.17809754802826408 0.17984235281684763 0.18143670325789735 0.18288914010914442 0.18420820412831979 0.18540243607315457 0.18648037670137976 0.18745056677072641 0.18832154703892573 0.18910185826370848 0.18980004120280608 0.19042463661394929 0.19098418525486929 0.19148722788329717 0.19194230525696393 0.19235795813360063 0.19274272727093833 0.1931051534267082 0.19345377735864108 0.19379713982446822 0.19414378158192058 0.19450224338872921 0.19488106600262525 0.19528879018133968 0.1957339566826036 0.19622510626414802 0.19677077968370404 0.19737951769900272 0.19805986106777512 0.19882035054775227 0.1996695268966652 0.20061593087224505 0.20166810323222284 0.20283458473432958 0.20412391613629635 0.20554463819585433 0.20710529167073441 0.20881441731866768 0.21068055589738527 0.21271224816461817 0.21491803487809749 0.2173064567955543 0.21988605467471958 0.22265625 0.22590459445522187 0.22984942851512824 0.23443453585413349 0.23960370014665203 0.24530070506709831 0.2514693342898866 0.25805337148943153 0.26499660034014716 0.27224280451644822 0.27973576769274877 0.28741927354346347 0.29523710574300666 0.30313304796579266 0.31105088388623592 0.31893439717875072 0.32672737151775172 0.33437359057765303 0.34181683803286916 0.34900089755781455 0.35586955282690358 0.36236658751455064 0.3671875 0.37331544989814774 0.37980226646916038 0.38661612551808816 0.39372520284998169 0.40109767426989124 0.40870171558286711 0.41650550259395969 0.42447721110821912 0.43258501693069618 0.44079709586644089 0.44908162372050375 0.45740677629793514 0.46574072940378519 0.47405165884310457 0.48230774042094343 0.49047714994235192 0.49852806321238119 0.50642865603608067 0.51414710421850118 0.52165158356469288 0.52891026987970635 0.53589133896859198 0.5425629666363998 0.54889332868818042 0.55485060092898408 0.56040295916386118 0.56551857919786197 0.57016563683603694 0.57431230788343657 0.5779267681451109 0.58097719342611065 0.58343175953148585 0.58525864226628688 0.58642601743556422 0.58690206084436813 0.58665494829774922 0.58565285560075753 0.58386395855844353 0.58203125 0.57735197906019831 0.56914946937538169 0.5577691679074942 0.54355652161848089 0.52685697747028581 0.50801598242485357 0.48737898344412878 0.46529142749005564 0.44209876152457872 0.41814643250964267 0.39377988740719166 0.36934457317917041 0.34518593678752318 0.32164942519419448 0.29908048536112897 0.27782456425027102 0.25822710882356503 0.24063356604295547 0.22538938287038682 0.21284000626780367 0.20333088319715037 0.1953125 0.19382575021628662 0.19340500545661946 0.194006048609913 0.19558466256508178 0.19809663021104024 0.20149773443670294 0.20574375813098428 0.21079048418279878 0.21659369548106105 0.22310917491468538 0.23029270537258645 0.23810006974367864 0.2464870509168765 0.25540943178109449 0.26482299522524716 0.27468352413824892 0.28494680140901435 0.29556860992645784 0.30650473257949407 0.31771095225703727 0.32914305184800208 0.34075681424130316 0.3525080223258546 0.36435245899057128 0.37624590712436751 0.38814414961615767 0.40000296935485663 0.4117781492293785 0.42342547212863785 0.43490072094154941 0.44615967855702754 0.45715812786398652 0.46875 0.47930453627446357 0.48997306806899865 0.50075291792081811 0.51164140836713412 0.52263586194515965 0.53373360119210689 0.54493194864518846 0.55622822684161699 0.56761975831860489 0.57910386561336458 0.59067787126310889 0.60233909780504991 0.61408486777640081 0.62591250371437357 0.63781932815618081 0.64980266363903505 0.66185983270014914 0.67398815787673538 0.68618496170600618 0.69844756672517394 0.71077329547145174 0.72315947048205187 0.73560341429418663 0.74810244944506854 0.76065389847191056 0.77325508391192455 0.78590332830232401 0.79859595418032037 0.81133028408312702 0.82410364054795582 0.83691334611201973 0.84975672331253127 0.86263109468670252 0.87553378277174676 0.88846211010487586 0.90141339922330277 0.91438497266423968 0.92737415296489933 0.94037826266249425 0.95339462429423705 0.9664205603973397 0.97945339350901561 0.99249044616647641 1))
(channel green)
(curve
    (curve-type smooth)
    (points 12 0 0 0.39873417721518989 0.2421875 0.50632911392405067 0.44140625 0.61075949367088589 0.23828125 0.79430379746835444 0.58984375 1 1)
    (point-types 6 smooth smooth smooth smooth smooth smooth)
    (n-samples 256)
    (samples 256 0 0.0018635702919646171 0.0037274414498625944 0.0055919143396272906 0.0074572898271920681 0.0093238687784902852 0.0111919520594553 0.013061840536020473 0.014933835074119165 0.016808236539684735 0.018685345798650551 0.02056546371694996 0.022448891160516325 0.024335928995283012 0.026226878087183374 0.028122039302150775 0.030021713506118576 0.031926201565020136 0.033835804344788813 0.035750822711357967 0.037671557530660954 0.039598309668631135 0.041531379991201878 0.043471069364306537 0.045417678653878475 0.047371508725851053 0.049332860446157617 0.051302034680731551 0.053279332295506181 0.055265054156414917 0.057259501129391051 0.059262974080368014 0.061275773875279105 0.063298201380057734 0.06533055746063722 0.067373142982950954 0.069426258812932268 0.071490205816514565 0.073565284859631139 0.075651796808215432 0.077750042528200725 0.079860322885520432 0.081982938746107861 0.084118190975896442 0.086266380440819468 0.088427808006810354 0.090602774539802408 0.092791580905729046 0.094994527970523546 0.097211916600119366 0.0994440476604498 0.10169122201744825 0.10395374053704802 0.10623190408518252 0.10852601352778508 0.11083636973078907 0.11316327356012787 0.11550702588173481 0.11786792756154328 0.12024627946548661 0.12264238245949816 0.12505653740951131 0.12748904518145937 0.12994020664127579 0.13241032265489389 0.13489969408824701 0.13740862180726851 0.13993740667789176 0.14248634956605014 0.14505575133767695 0.14764591285870562 0.15025713499506949 0.1528897186127019 0.15554396457753619 0.15822017375550579 0.16091864701254396 0.16363968521458416 0.16638358922755972 0.16915065991740397 0.1719411981500503 0.17475550479143206 0.17759388070748258 0.18045662676413532 0.1833440438273235 0.18625643276298054 0.18919409443703986 0.19215732971543475 0.19514643946409854 0.19816172454896469 0.20120348583596648 0.20427202419103729 0.20736764048011055 0.21049063556911951 0.21364131032399758 0.21681996561067812 0.22002690229509447 0.22326242124317999 0.2265268233208681 0.22982040939409207 0.23314348032878532 0.23649633699088124 0.23987928024631311 0.2421875 0.24613875285132197 0.25109565854556154 0.25696914183724612 0.26367012748090374 0.27110954023106182 0.27919830484224828 0.28784734606899087 0.29696758866581724 0.30646995738725502 0.31626537698783203 0.32626477222207612 0.33637906784451482 0.34651918860967595 0.3565960592720871 0.36652060458627617 0.37620374930677086 0.38555641818809877 0.3944895359847877 0.4029140274513654 0.41074081734235957 0.4178808304122979 0.42424499141570809 0.42974422510711802 0.43428945624105519 0.43779160957204749 0.44016160985462266 0.44140625 0.4404284698720391 0.43773667217330492 0.43347642378490026 0.42779329158792839 0.42083284246349184 0.41274064329269378 0.40366226095663715 0.39374326233642465 0.38312921431315949 0.37196568376794448 0.36039823758188255 0.34857244263607656 0.33663386581162963 0.32472807398964454 0.31300063405122425 0.30159711287747171 0.29066307734948987 0.28034409434838159 0.27078573075524981 0.26213355345119754 0.25453312931732763 0.24813002523474315 0.24306980808454684 0.23949804474784178 0.23756030210573081 0.23740214703931689 0.23828125 0.24053132162688995 0.24322903819738795 0.24635980867803955 0.24990904203539044 0.25386214723598616 0.25820453324637244 0.26292160903309469 0.26799878356269874 0.2734214658017301 0.27917506471673442 0.28524498927425723 0.29161664844084428 0.29827545118304105 0.30520680646739318 0.31239612326044641 0.31982881052874634 0.32749027723883839 0.33536593235726825 0.34344118485058173 0.3517014436853243 0.3601321178280415 0.36871861624527891 0.37744634790358245 0.38630072176949748 0.3952671468095697 0.40433103199034459 0.41347778627836795 0.42269281864018532 0.43196153804234233 0.44126935345138457 0.45060167383385769 0.4599439081563072 0.46928146538527893 0.47859975448731829 0.48788418442897086 0.49712016417678251 0.50629310269729866 0.51538840895706484 0.5243914919226268 0.53328776056053029 0.54206262383732084 0.550701490719544 0.55918977017374538 0.56751287116647042 0.57565620266426498 0.58360517363367481 0.58984375 0.59752213783155705 0.6052086782381505 0.61290321277130777 0.62060558298255675 0.62831563042342542 0.63603319664544078 0.64375812320013104 0.65149025163902374 0.65922942351364655 0.66697548037552723 0.6747282637761931 0.68248761526717239 0.69025337639999218 0.69802538872618047 0.70580349379726504 0.71358753316477364 0.72137734838023371 0.72917278099517269 0.73697367256111856 0.74477986462959922 0.75259119875214198 0.76040751648027449 0.76822865936552487 0.77605446895942054 0.78388478681348894 0.79171945447925784 0.79955831350825535 0.80740120545200866 0.81524797186204567 0.82309845428989403 0.8309524942870814 0.83880993340513521 0.84667061319558379 0.85453437520995412 0.86240106099977432 0.8702705121165718 0.87814257011187435 0.88601707653720974 0.89389387294410561 0.9017728008840894 0.90965370190868899 0.91753641756943205 0.92542078941784645 0.93330665900545973 0.94119386788379911 0.94908225760439291 0.95697166971876835 0.96486194577845374 0.97275292733497598 0.98064445593986338 0.98853637314464315 1))
(channel blue)
(curve
    (curve-type smooth)
    (points 10 0 0 0.46202531645569622 0.30859375 0.57278481012658233 0.37109375 0.77215189873417722 0.109375 1 0.6875)
    (point-types 5 smooth smooth smooth smooth smooth)
    (n-samples 256)
    (samples 256 0 0.0026585644986576798 0.005317112013230701 0.0079756255596344066 0.01063408815378414 0.013292482811595238 0.015950792548983048 0.018609000381862917 0.021267089326150176 0.023925042397760166 0.026582842612608244 0.029240472986609731 0.031897916535679985 0.034555156275734356 0.03721217522268816 0.039868956392456759 0.042525482800955486 0.045181737464099696 0.047837703397804701 0.050493363617985898 0.053148701140558564 0.055803698981438069 0.058458340156539765 0.061112607681779001 0.063766484573071103 0.066419953846331384 0.069072998517475254 0.071725601602418004 0.074377746117074983 0.077029415077361552 0.079680591499193043 0.082331258398484777 0.084981398791152116 0.087630995693110433 0.090280032120274994 0.092928491088561244 0.095576355613884417 0.098223608712159918 0.10087023339930309 0.10351621269122926 0.10616152960385374 0.10880616715309191 0.11145010835485912 0.1140933362250707 0.11673583377964199 0.11937758403448832 0.12201857000552509 0.12465877470866753 0.1272981811598311 0.12993677237493106 0.13257453136988276 0.13521144116060163 0.1378474847630029 0.14048264519300194 0.14311690546651415 0.14575024859945485 0.1483826576077393 0.15101411550728291 0.15364460531400101 0.15627411004380906 0.15890261271262224 0.16153009633635587 0.16415654393092544 0.16678193851224621 0.16940626309623349 0.17202950069880274 0.17465163433586914 0.17727264702334822 0.17989252177715506 0.18251124161320526 0.18512878954741413 0.18774514859569683 0.1903603017739689 0.19297423209814554 0.19558692258414218 0.19819835624787416 0.20080851610525674 0.20341738517220531 0.20602494646463526 0.20863118299846189 0.21123607778960055 0.2138396138539666 0.21644177420747529 0.21904254186604208 0.22164189984558222 0.22423983116201113 0.22683631883124417 0.22943134586919647 0.23202489529178369 0.23461695011492092 0.23720749335452365 0.23979650802650715 0.24238397714678675 0.24496988373127787 0.24755421079589573 0.25013694135655579 0.25271805842917339 0.25529754502966379 0.25787538417394235 0.26045155887792443 0.26302605215752539 0.2655988470286606 0.2681699265072453 0.27073927360919492 0.27330687135042475 0.27587270274685027 0.27843675081438657 0.28099899856894922 0.28355942902645342 0.28611802520281454 0.28867477011394804 0.29122964677576912 0.29378263820419315 0.29633372741513547 0.29888289742451146 0.30143013124823648 0.30397541190222582 0.30651872240239486 0.30859375 0.31127325043616549 0.31420828395005573 0.31736572392288437 0.32071244373586549 0.32421531677021287 0.32784121640714026 0.33155701602786158 0.33532958901359067 0.33912580874554132 0.34291254860492743 0.34665668197296273 0.35032508223086106 0.35388462275983629 0.35730217694110228 0.36054461815587302 0.36357881978536194 0.3663716552107833 0.36888999781335063 0.37110072097427799 0.37297069807477912 0.37446680249606767 0.37555590761935786 0.37620488682586323 0.37638061349679769 0.37604996101337518 0.37517980275680946 0.37373701210831423 0.37109375 0.36831693645397456 0.36504129209883457 0.36129161339980098 0.35709269682209466 0.3524693388309364 0.34744633589154716 0.34204848446914776 0.33630058102895916 0.33022742203620226 0.32385380395609781 0.31720452325386678 0.31030437639472996 0.30317815984390839 0.29585067006662291 0.28834670352809427 0.28069105669354344 0.27290852602819132 0.26502390799725872 0.25706199906596666 0.24904759569953586 0.2410054943631873 0.23296049152214182 0.22493738364162036 0.2169609671868436 0.20905603862303274 0.20124739441540837 0.19355983102919153 0.18601814492960306 0.17864713258186385 0.17147159045119476 0.16451631500281666 0.15780610270195047 0.15136575001381708 0.14522005340363733 0.13939380933663212 0.13391181427802232 0.12879886469302879 0.12407975704687246 0.11977928780477418 0.11592225343195481 0.11253345039363526 0.10963767515503642 0.10725972418137918 0.10542439393788437 0.10415648088977292 0.10348078150226565 0.1034220922405835 0.10400520956994735 0.10525492995557803 0.10719604986269646 0.109375 0.11246027180284988 0.11590308927748454 0.11969719081714909 0.12383631481508883 0.12831419966454891 0.13312458375877442 0.13826120549101065 0.14371780325450265 0.14948811544249574 0.15556588044823499 0.16194483666496562 0.1686187224859329 0.17558127630438183 0.1828262365135577 0.19034734150670574 0.19813832967707096 0.20619293941789868 0.21450490912243403 0.22306797718392224 0.23187588199560843 0.24092236195073774 0.2502011554425555 0.25970600086430667 0.26943063660923666 0.27936880107059053 0.28951423264161341 0.29986066971555064 0.31040185068564718 0.32113151394514833 0.33204339788729936 0.34313124090534536 0.35438878139253144 0.36580975774210284 0.37738790834730473 0.38911697160138248 0.40099068589758091 0.41300278962914538 0.42514702118932113 0.43741711897135338 0.44980682136848699 0.46230986677396746 0.47491999358103987 0.48763094018294939 0.50043644497294126 0.51333024634426061 0.52630608269015255 0.53935769240386222 0.55247881387863484 0.56566318550771599 0.57890454568435046 0.59219663280178325 0.60553318525325983 0.61890794143202554 0.63231463973132518 0.64574701854440386 0.65919881626450727 0.67266377128488031 0.6875))
(channel alpha)
(curve
    (curve-type smooth)
    (points 4 0 0 1 1)
    (point-types 2 smooth smooth)
    (n-samples 256)
    (samples 256 0 0.0039215686274509803 0.0078431372549019607 0.011764705882352941 0.015686274509803921 0.019607843137254898 0.023529411764705879 0.027450980392156862 0.031372549019607843 0.035294117647058823 0.039215686274509803 0.043137254901960784 0.047058823529411764 0.050980392156862737 0.054901960784313725 0.058823529411764705 0.062745098039215685 0.066666666666666666 0.070588235294117646 0.074509803921568626 0.078431372549019607 0.082352941176470573 0.086274509803921567 0.090196078431372548 0.094117647058823528 0.098039215686274508 0.10196078431372549 0.10588235294117647 0.10980392156862744 0.11372549019607843 0.11764705882352941 0.12156862745098039 0.12549019607843137 0.12941176470588234 0.13333333333333333 0.13725490196078433 0.14117647058823529 0.14509803921568626 0.14901960784313725 0.15294117647058825 0.15686274509803921 0.16078431372549018 0.16470588235294117 0.16862745098039214 0.17254901960784313 0.1764705882352941 0.18039215686274507 0.18431372549019609 0.18823529411764706 0.19215686274509802 0.19607843137254902 0.20000000000000007 0.20392156862745098 0.20784313725490194 0.21176470588235291 0.21568627450980393 0.2196078431372549 0.22352941176470587 0.22745098039215686 0.23137254901960783 0.23529411764705882 0.23921568627450979 0.24313725490196078 0.24705882352941178 0.25098039215686274 0.25490196078431371 0.25882352941176467 0.2627450980392157 0.26666666666666672 0.27058823529411763 0.27450980392156865 0.27843137254901962 0.28235294117647058 0.28627450980392155 0.29019607843137252 0.29411764705882354 0.29803921568627445 0.30196078431372547 0.30588235294117649 0.30980392156862746 0.31372549019607843 0.31764705882352939 0.32156862745098036 0.32549019607843138 0.32941176470588235 0.33333333333333331 0.33725490196078434 0.3411764705882353 0.34509803921568627 0.34901960784313724 0.3529411764705882 0.35686274509803922 0.36078431372549019 0.3647058823529411 0.36862745098039218 0.37254901960784315 0.37647058823529411 0.38039215686274508 0.38431372549019605 0.38823529411764707 0.39215686274509803 0.396078431372549 0.40000000000000002 0.40392156862745099 0.40784313725490196 0.41176470588235292 0.41568627450980389 0.41960784313725491 0.42352941176470588 0.42745098039215679 0.43137254901960786 0.43529411764705883 0.4392156862745098 0.44313725490196076 0.44705882352941173 0.45098039215686275 0.45490196078431372 0.45882352941176469 0.46274509803921571 0.46666666666666667 0.47058823529411764 0.47450980392156861 0.47843137254901957 0.48235294117647054 0.48627450980392151 0.49019607843137253 0.49411764705882355 0.49803921568627452 0.50196078431372548 0.50588235294117645 0.50980392156862742 0.51372549019607838 0.51764705882352935 0.52156862745098043 0.52549019607843139 0.52941176470588236 0.53333333333333333 0.53725490196078429 0.54117647058823526 0.54509803921568623 0.5490196078431373 0.55294117647058827 0.55686274509803924 0.5607843137254902 0.56470588235294117 0.56862745098039214 0.5725490196078431 0.57647058823529407 0.58039215686274503 0.584313725490196 0.58823529411764708 0.59215686274509793 0.5960784313725489 0.59999999999999998 0.60392156862745083 0.60784313725490191 0.61176470588235299 0.61568627450980395 0.61960784313725492 0.62352941176470589 0.62745098039215685 0.63137254901960782 0.63529411764705879 0.63921568627450975 0.64313725490196072 0.6470588235294118 0.65098039215686276 0.65490196078431373 0.6588235294117647 0.66274509803921566 0.66666666666666663 0.6705882352941176 0.67450980392156867 0.67843137254901964 0.68235294117647061 0.68627450980392157 0.69019607843137254 0.69411764705882351 0.69803921568627447 0.70196078431372544 0.70588235294117641 0.70980392156862748 0.71372549019607834 0.71764705882352942 0.72156862745098027 0.72549019607843124 0.7294117647058822 0.73333333333333317 0.73725490196078436 0.74117647058823533 0.74509803921568629 0.74901960784313726 0.75294117647058822 0.75686274509803919 0.76078431372549016 0.76470588235294112 0.76862745098039209 0.77254901960784317 0.77647058823529413 0.7803921568627451 0.78431372549019629 0.78823529411764726 0.792156862745098 0.79607843137254897 0.80000000000000004 0.80392156862745101 0.80784313725490198 0.81176470588235294 0.81568627450980391 0.81960784313725488 0.82352941176470584 0.82745098039215681 0.83137254901960778 0.83529411764705874 0.83921568627450971 0.84313725490196079 0.84705882352941164 0.85098039215686261 0.85490196078431369 0.85882352941176465 0.86274509803921573 0.8666666666666667 0.87058823529411766 0.87450980392156863 0.8784313725490196 0.88235294117647056 0.88627450980392153 0.8901960784313725 0.89411764705882346 0.89803921568627476 0.90196078431372551 0.90588235294117647 0.90980392156862744 0.9137254901960784 0.91764705882352959 0.92156862745098034 0.92549019607843142 0.92941176470588238 0.93333333333333335 0.93725490196078431 0.94117647058823528 0.94509803921568625 0.94901960784313721 0.95294117647058818 0.95686274509803915 0.96078431372549011 0.96470588235294108 0.96862745098039205 0.97254901960784301 0.97647058823529398 0.98039215686274495 0.98431372549019591 0.9882352941176471 0.99215686274509807 0.99607843137254903 1))

# end of 'Curves' settings
