# GIMP 'Curves' settings

(time 0)
(linear no)
(channel value)
(curve
    (curve-type smooth)
    (points 4 0 0 1 1)
    (point-types 2 smooth smooth)
    (n-samples 256)
    (samples 256 0 0.0039215686274509803 0.0078431372549019607 0.011764705882352941 0.015686274509803921 0.019607843137254898 0.023529411764705879 0.027450980392156862 0.031372549019607843 0.035294117647058823 0.039215686274509803 0.043137254901960784 0.047058823529411764 0.050980392156862737 0.054901960784313725 0.058823529411764705 0.062745098039215685 0.066666666666666666 0.070588235294117646 0.074509803921568626 0.078431372549019607 0.082352941176470573 0.086274509803921567 0.090196078431372548 0.094117647058823528 0.098039215686274508 0.10196078431372549 0.10588235294117647 0.10980392156862744 0.11372549019607843 0.11764705882352941 0.12156862745098039 0.12549019607843137 0.12941176470588234 0.13333333333333333 0.13725490196078433 0.14117647058823529 0.14509803921568626 0.14901960784313725 0.15294117647058825 0.15686274509803921 0.16078431372549018 0.16470588235294117 0.16862745098039214 0.17254901960784313 0.1764705882352941 0.18039215686274507 0.18431372549019609 0.18823529411764706 0.19215686274509802 0.19607843137254902 0.20000000000000007 0.20392156862745098 0.20784313725490194 0.21176470588235291 0.21568627450980393 0.2196078431372549 0.22352941176470587 0.22745098039215686 0.23137254901960783 0.23529411764705882 0.23921568627450979 0.24313725490196078 0.24705882352941178 0.25098039215686274 0.25490196078431371 0.25882352941176467 0.2627450980392157 0.26666666666666672 0.27058823529411763 0.27450980392156865 0.27843137254901962 0.28235294117647058 0.28627450980392155 0.29019607843137252 0.29411764705882354 0.29803921568627445 0.30196078431372547 0.30588235294117649 0.30980392156862746 0.31372549019607843 0.31764705882352939 0.32156862745098036 0.32549019607843138 0.32941176470588235 0.33333333333333331 0.33725490196078434 0.3411764705882353 0.34509803921568627 0.34901960784313724 0.3529411764705882 0.35686274509803922 0.36078431372549019 0.3647058823529411 0.36862745098039218 0.37254901960784315 0.37647058823529411 0.38039215686274508 0.38431372549019605 0.38823529411764707 0.39215686274509803 0.396078431372549 0.40000000000000002 0.40392156862745099 0.40784313725490196 0.41176470588235292 0.41568627450980389 0.41960784313725491 0.42352941176470588 0.42745098039215679 0.43137254901960786 0.43529411764705883 0.4392156862745098 0.44313725490196076 0.44705882352941173 0.45098039215686275 0.45490196078431372 0.45882352941176469 0.46274509803921571 0.46666666666666667 0.47058823529411764 0.47450980392156861 0.47843137254901957 0.48235294117647054 0.48627450980392151 0.49019607843137253 0.49411764705882355 0.49803921568627452 0.50196078431372548 0.50588235294117645 0.50980392156862742 0.51372549019607838 0.51764705882352935 0.52156862745098043 0.52549019607843139 0.52941176470588236 0.53333333333333333 0.53725490196078429 0.54117647058823526 0.54509803921568623 0.5490196078431373 0.55294117647058827 0.55686274509803924 0.5607843137254902 0.56470588235294117 0.56862745098039214 0.5725490196078431 0.57647058823529407 0.58039215686274503 0.584313725490196 0.58823529411764708 0.59215686274509793 0.5960784313725489 0.59999999999999998 0.60392156862745083 0.60784313725490191 0.61176470588235299 0.61568627450980395 0.61960784313725492 0.62352941176470589 0.62745098039215685 0.63137254901960782 0.63529411764705879 0.63921568627450975 0.64313725490196072 0.6470588235294118 0.65098039215686276 0.65490196078431373 0.6588235294117647 0.66274509803921566 0.66666666666666663 0.6705882352941176 0.67450980392156867 0.67843137254901964 0.68235294117647061 0.68627450980392157 0.69019607843137254 0.69411764705882351 0.69803921568627447 0.70196078431372544 0.70588235294117641 0.70980392156862748 0.71372549019607834 0.71764705882352942 0.72156862745098027 0.72549019607843124 0.7294117647058822 0.73333333333333317 0.73725490196078436 0.74117647058823533 0.74509803921568629 0.74901960784313726 0.75294117647058822 0.75686274509803919 0.76078431372549016 0.76470588235294112 0.76862745098039209 0.77254901960784317 0.77647058823529413 0.7803921568627451 0.78431372549019629 0.78823529411764726 0.792156862745098 0.79607843137254897 0.80000000000000004 0.80392156862745101 0.80784313725490198 0.81176470588235294 0.81568627450980391 0.81960784313725488 0.82352941176470584 0.82745098039215681 0.83137254901960778 0.83529411764705874 0.83921568627450971 0.84313725490196079 0.84705882352941164 0.85098039215686261 0.85490196078431369 0.85882352941176465 0.86274509803921573 0.8666666666666667 0.87058823529411766 0.87450980392156863 0.8784313725490196 0.88235294117647056 0.88627450980392153 0.8901960784313725 0.89411764705882346 0.89803921568627476 0.90196078431372551 0.90588235294117647 0.90980392156862744 0.9137254901960784 0.91764705882352959 0.92156862745098034 0.92549019607843142 0.92941176470588238 0.93333333333333335 0.93725490196078431 0.94117647058823528 0.94509803921568625 0.94901960784313721 0.95294117647058818 0.95686274509803915 0.96078431372549011 0.96470588235294108 0.96862745098039205 0.97254901960784301 0.97647058823529398 0.98039215686274495 0.98431372549019591 0.9882352941176471 0.99215686274509807 0.99607843137254903 1))
(channel red)
(curve
    (curve-type smooth)
    (points 16 0 0 0.23734177215189872 0.20703125 0.36708860759493672 0.5 0.48417721518987344 0.76171875 0.55696202531645567 0.58984375 0.72784810126582278 0.109375 0.82594936708860756 0.234375 1 1)
    (point-types 8 smooth smooth smooth smooth smooth smooth smooth smooth)
    (n-samples 256)
    (samples 256 0 0.0024606661692990511 0.0049229054193011294 0.0073882908307092614 0.0098583954842264721 0.012334792460555783 0.014819054840400234 0.017312755704462841 0.019817468133446633 0.022334765208054635 0.02486622000898988 0.027413405616955391 0.029977895112654189 0.032561261576789305 0.035165078090063771 0.0377909177331806 0.040440353586842823 0.043114958731753472 0.045816306248615588 0.048545969218132159 0.051305520721006241 0.054096533837940837 0.056920581649639014 0.05977923723680377 0.062674073680138123 0.065606664060345113 0.068578581458127771 0.071591398954189117 0.074646689629232169 0.077746026563959972 0.080890982839075545 0.084083131535281894 0.087324045733282077 0.090615298513779127 0.093958462957476008 0.097355112145075806 0.10080681915728154 0.10431515707479626 0.10788169897832288 0.11150801794856453 0.11519568706622425 0.11894627941200503 0.12276136806660987 0.12664252611074181 0.13059132662510392 0.13460934269039918 0.13869814738733063 0.1428593137966013 0.14709441499891421 0.15140502407497239 0.15579271410547887 0.16025905817113664 0.16480562935264884 0.16943400073071838 0.1741457453860483 0.17894243639934165 0.18382564685130148 0.18879694982263082 0.1938579183940326 0.1990101256462099 0.20425514465986586 0.20703125 0.21258311700862836 0.21854283058854987 0.22489090034160986 0.23160783586965406 0.23867414677452775 0.24607034265807665 0.25377693312214605 0.26177442776858162 0.27004333619922888 0.27856416801593314 0.28731743282054012 0.29628364021489534 0.30544329980084406 0.31477692118023198 0.3242650139549047 0.33388808772670758 0.343626652097486 0.35346121666908581 0.36337229104335206 0.37334038482213078 0.38334600760726706 0.3933696690006066 0.40339187860399495 0.41339314601927751 0.42335398084829984 0.43325489269290746 0.44307639115494568 0.45279898583626038 0.4624031863386967 0.47186950226410052 0.48117844321431691 0.49031051879119175 0.5 0.50903311797385487 0.51847661514645937 0.52828430066285037 0.53840998366806447 0.54880747330713853 0.55943057872510893 0.57023310906701274 0.58116887347788626 0.59219168110276654 0.60325534108668988 0.61431366257469366 0.62532045471181363 0.63622952664308707 0.64699468751355083 0.65756974646824107 0.66790851265219497 0.67796479521044895 0.68769240328803993 0.69704514603000434 0.70597683258137878 0.71444127208720032 0.72239227369250547 0.72978364654233097 0.73656919978171342 0.74270274255568958 0.74813808400929638 0.75282903328757 0.75672939953554752 0.76171875 0.76247189254199155 0.76113482662054877 0.75787960113023378 0.75287826496560695 0.7463028670212305 0.73832545619166534 0.72911808137147216 0.71885279145521319 0.70770163533744934 0.69583666191274196 0.68342992007565218 0.67065345872074145 0.65767932674257101 0.64467957303570211 0.6318262464946961 0.61929139601411409 0.60724707048851789 0.59586531881246818 0.58984375 0.57919016687850322 0.56824010072025422 0.55701368252254357 0.545531043282663 0.53381231399790308 0.5218776256655554 0.50974710928291112 0.49744089584726103 0.48497911635589641 0.47238190180610851 0.45966938319518835 0.4468616915204271 0.43397895777911605 0.42104131296854608 0.40806888808600827 0.39508181412879406 0.38210022209419459 0.36914424297950077 0.35623400778200387 0.34338964749899481 0.33063129312776501 0.31797907566560563 0.30545312610980757 0.29307357545766216 0.28086055470646037 0.26883419485349358 0.25701462689605259 0.24542198183142885 0.23407639065691338 0.22299798436979726 0.21220689396737175 0.20172325044692785 0.19156718480575677 0.18175882804114971 0.1723183111503977 0.16326576513079194 0.15462132097962356 0.14640510969418366 0.13863726227176346 0.131337909709654 0.12452718300514651 0.11822521315553203 0.11245213115810175 0.109375 0.10468943112320622 0.10098251430567169 0.098231788937946679 0.096414794410581622 0.095509070114126848 0.095492155439132684 0.096341589776149594 0.098034912515727851 0.10054966304841782 0.10386338076476991 0.10795360505533448 0.11279787531066185 0.11837373092130239 0.12465871127780651 0.13163035577072449 0.13926620379060681 0.14754379472800375 0.15644066797346562 0.1659343629175429 0.17600241895078589 0.18662237546374494 0.19777177184697051 0.20942814749101279 0.22156904178642234 0.234375 0.24735660654777725 0.26063004690622738 0.27418859414529173 0.28802552133491194 0.30213410154502918 0.31650760784558529 0.33113931330652124 0.34602249099777893 0.36115041398929953 0.37651635535102468 0.3921135881528956 0.40793538546485414 0.42397502035684126 0.44022576589879875 0.45668089516066795 0.47333368121239039 0.4901773971239074 0.5072053159651605 0.52441071080609114 0.5417868547166409 0.55932702076675089 0.57702448202636281 0.5948725115654182 0.61286438245385844 0.63099336776162473 0.64925274055865889 0.66763577391490225 0.68613574090029605 0.70474591458478231 0.72345956803830169 0.74226997433079611 0.76117040653220724 0.7801541377124761 0.79921444094154426 0.81834458928935339 0.8375378558258445 0.8567875136209594 0.8760868357446393 0.89542909526682624 0.91480756525746065 0.93421551878648534 0.95364622892384054 0.97309296873946816 1))
(channel green)
(curve
    (curve-type smooth)
    (points 8 0 0 0.49367088607594939 0.4140625 0.96518987341772144 0.0625 1 1)
    (point-types 4 smooth smooth smooth smooth)
    (n-samples 256)
    (samples 256 0 0.0048067118094651537 0.0096128490265705805 0.014417837058956547 0.019221101314263331 0.024022067200131201 0.028820160124200425 0.033614805494111277 0.038405428717504034 0.043191455202018961 0.047972310355296345 0.052747419584976411 0.057516208298699488 0.062278101904105827 0.067032525808835661 0.071778905420529324 0.076516666146827061 0.081245233395369168 0.08596403257379584 0.090672489089747399 0.095370028350864153 0.10005607576478633 0.10473005673915416 0.10939139668160801 0.1140395209997881 0.1186738551013347 0.1232938243938881 0.12789885428508854 0.13248837018257628 0.13706179749399167 0.14161856162697486 0.1461580879891663 0.15067980198820613 0.15518312903173459 0.15966749452739207 0.16413232388281873 0.16857704250565492 0.17300107580354085 0.17740384918411689 0.18178478805502324 0.18614331782390009 0.19047886389838786 0.19479085168612681 0.19907870659475707 0.20334185403191904 0.20757971940525297 0.21179172812239908 0.21597730559099773 0.2201358772186891 0.22426686841311347 0.22836970458191122 0.2324438111327225 0.23648861347318761 0.24050353701094687 0.2444880071536405 0.24844144930890882 0.25236328888439208 0.25625295128773046 0.26010986192656443 0.26393344620853404 0.26772312954127975 0.27147833733244164 0.27519849498966015 0.27888302792057557 0.28253136153282793 0.28614292123405777 0.28971713243190528 0.29325342053401071 0.29675121094801421 0.30020992908155625 0.30362900034227708 0.30700785013781684 0.31034590387581584 0.31364258696391445 0.31689732480975286 0.32010954282097143 0.32327866640521025 0.32640412097010973 0.32948533192331014 0.33252172467245172 0.33551272462517473 0.33845775718911941 0.34135624777192619 0.34420762178123521 0.34701130462468671 0.34976672170992107 0.35247329844457853 0.35513046023629918 0.35773763249272356 0.36029424062149179 0.36279971003024425 0.36525346612662113 0.36765493431826263 0.37000354001280916 0.37229870861790099 0.37453986554117824 0.37672643619028129 0.37885784597285044 0.38093352029652594 0.38295288456894805 0.38491536419775702 0.38682038459059315 0.3886673711550967 0.39045574929890792 0.39218494442966711 0.39385438195501449 0.3954634872825904 0.39701168582003515 0.39849840297498884 0.39992306415509193 0.40128509476798457 0.40258392022130712 0.40381896592269972 0.40498965727980285 0.40609541970025648 0.40713567859170124 0.40810985936177713 0.4090173874181246 0.40985768816838375 0.41063018702019483 0.41133430938119842 0.41196948065903444 0.41253512626134342 0.41303067159576545 0.4134555420699409 0.41380916309150995 0.4140625 0.41420225313591386 0.4141165811308154 0.41380989978733362 0.41328662490809809 0.41255117229573829 0.41160795775288334 0.41046139708216262 0.40911590608620579 0.40757590056764204 0.40584579632910073 0.4039300091732112 0.4018329549026029 0.39955904931990527 0.39711270822774758 0.39449834742875911 0.39172038272556953 0.38878322992080794 0.38569130481710379 0.38244902321708657 0.37906080092338557 0.37553105373863016 0.37186419746544963 0.36806464790647336 0.36413682086433086 0.36008513214165161 0.35591399754106468 0.35162783286519972 0.34723105391668574 0.34272807649815246 0.33812331641222931 0.33342118946154531 0.32862611144873011 0.32374249817641287 0.31877476544722316 0.31372732906379025 0.30860460482874374 0.3034110085447127 0.29815095601432662 0.29282886304021477 0.28744914542500666 0.28201621897133167 0.27653449948181924 0.2710084027590986 0.26544234460579907 0.25984074082455022 0.2542080072179812 0.24854855958872168 0.24286681373940078 0.23716718547264806 0.23145409059109265 0.22573194489736409 0.22000516419409172 0.21427816428390511 0.20855536096943339 0.20284117005330587 0.19714000733815215 0.19145628862660147 0.18579442972128338 0.18015884642482694 0.17455395453986189 0.16898416986901724 0.16345390821492259 0.15796758538020736 0.15252961716750074 0.14714441937943223 0.1418164078186312 0.13654999828772699 0.13134960658934891 0.12621964852612655 0.12116453990068901 0.11618869651566591 0.11129653417368643 0.10649246867738002 0.10178091582937614 0.097166291432304014 0.092653011288793108 0.088245491201472848 0.083948146972972454 0.079765394405921383 0.075701649302949078 0.071761327466684802 0.067948844699757982 0.064268616804798007 0.060725059584434214 0.057322588841296027 0.054065620378012748 0.0509585699972138 0.048005853501528591 0.045211886693586424 0.042581085376016674 0.040117865351448824 0.037826642422512109 0.035711832391835993 0.033777851062049835 0.032029114235782981 0.030470037715664818 0.02910503730432475 0.027938528804392123 0.026974928018496314 0.026218650749266704 0.025674112799332665 0.025345729971323575 0.025237918067868806 0.025355092891597729 0.02570167024513972 0.026282065931124164 0.027100695752180434 0.028161975510937885 0.029470321010025915 0.03103014805207387 0.032845872439711161 0.034921909975567163 0.037262676462271195 0.039872587702452701 0.042756059498741041 0.04591750765376551 0.049361347970155602 0.053091996250540646 0.057113868297549955 0.0625 0.083477104461008866 0.13476652460897262 0.21251985073835583 0.31288867314362306 0.43202458211923889 0.56607916795966762 0.71120402095937429 0.86355073141282324 1))
(channel blue)
(curve
    (curve-type smooth)
    (points 6 0 0 0.66455696202531644 0.53515625 1 1)
    (point-types 3 smooth smooth smooth)
    (n-samples 256)
    (samples 256 0 0.002776186264222913 0.0055524522986572476 0.0083288778735144346 0.011105542759005884 0.013882526725343028 0.016659909542737297 0.019437770981400097 0.022216190811542861 0.024995248803377015 0.027775024727113976 0.030555598352965174 0.033337049451142027 0.036119457791855963 0.038902903145318399 0.041687465281740756 0.044473223971334477 0.047260258984310952 0.050048650090881636 0.052838477061257938 0.055629819665651281 0.058422757674273108 0.0612173708573348 0.064013738985047822 0.066811941827623567 0.069612059155273479 0.072414170738208994 0.07521835634664148 0.078024695750782413 0.080833268720843204 0.083644155027035275 0.086457434439570033 0.089273186728658929 0.092091491664513359 0.094912429017344757 0.097736078557364547 0.10056252005478415 0.10339183327981501 0.10622409800266853 0.10905939399355614 0.11189780102268922 0.11473939886027928 0.11758426727653772 0.1204324860416759 0.12328413492590526 0.12613929369943727 0.12899804213248336 0.13186045999525489 0.13472662705796334 0.13759662309082007 0.14047052786403655 0.14334842114782423 0.1462303827123945 0.14911649232795871 0.15200682976472846 0.15490147479291505 0.15780050718272987 0.16070400670438439 0.16361205312809013 0.16652472622405834 0.16944210576250052 0.17236427151362821 0.17529130324765263 0.17822328073478527 0.18116028374523763 0.1841023920492211 0.18704968541694711 0.19000224361862697 0.19296014642447223 0.19592347360469428 0.19889230492950455 0.20186672016911447 0.20484679909373538 0.20783262147357878 0.21082426707885618 0.21382181567977887 0.2168253470465582 0.21983494094940584 0.22285067715853302 0.22587263544415123 0.22890089557647184 0.2319355373257064 0.23497664046206621 0.23802428475576268 0.24107854997700739 0.24413951589601157 0.24720726228298678 0.25028186890814441 0.25336341554169584 0.25645198195385249 0.25954764791482587 0.26265049319482736 0.26576059756406839 0.26887804079276029 0.2720029026511146 0.27513526290934265 0.27827520133765604 0.28142279770626594 0.28457813178538399 0.28774128334522142 0.29091233215598983 0.29409135798790059 0.29727844061116515 0.30047365979599483 0.30367709531260112 0.3068888269311954 0.31010893442198917 0.31333749755519386 0.31657459610102073 0.31982030982968146 0.32307471851138719 0.32633790191634959 0.32960993981477998 0.33289091197688975 0.33618089817289037 0.33947997817299319 0.34278823174740969 0.34610573866635141 0.34943257870002964 0.35276883161865574 0.35611457719244127 0.3594698951915975 0.36283486538633614 0.36620956754686834 0.36959408144340555 0.37298848684615932 0.3763928635253409 0.37980729125116203 0.38323184979383373 0.38666661892356774 0.39011167841057531 0.39356710802506789 0.39703298753725697 0.4005093967173538 0.40399641533557007 0.40749412316211714 0.41100259996720623 0.41452192552104883 0.4180521795938566 0.42159344195584064 0.42514579237721267 0.42870931062818385 0.43228407647896572 0.43587016969976983 0.43946767006080728 0.4430766573322899 0.44669721128442874 0.45032941168743545 0.45397333831152142 0.45762907092689803 0.46129668930377671 0.46497627321236878 0.46866790242288592 0.47237165670553949 0.47608761583054054 0.47981585956810108 0.48355646768843202 0.4873095199617451 0.49107509615825162 0.49485327604816309 0.49864413940169067 0.50244776598904628 0.50626423558044076 0.51009362794608593 0.51393602285619311 0.51779150008097385 0.52166013939063927 0.525542020555401 0.52943722334547061 0.53515625 0.53910424358440856 0.54310467356915559 0.5471569196838777 0.55126036165821035 0.55541437922178927 0.55961835210425082 0.56387166003523059 0.56817368274436442 0.5725237999612881 0.57692139141563803 0.58136583683704957 0.58585651595515853 0.5903928084996013 0.59497409420001346 0.59959975278603062 0.60426916398728936 0.60898170753342495 0.61373676315407333 0.61853371057887085 0.62337192953745302 0.62825079975945552 0.63316970097451464 0.63812801291226617 0.64312511530234573 0.64816038787438968 0.65323321035803339 0.65834296248291291 0.66348902397866438 0.66867077457492341 0.67388759400132581 0.67913886198750795 0.68442395826310498 0.68974226255775328 0.69509315460108889 0.70047601412274707 0.70589022085236419 0.71133515451957585 0.7168101948540182 0.72231472158532695 0.72784811444313802 0.73340975315708745 0.73899901745681074 0.74461528707194402 0.75025794173212323 0.7559263611669842 0.7616199251061625 0.76733801327929463 0.77308000541601596 0.77884528124596264 0.78463322049877038 0.7904432029040751 0.79627460819151274 0.80212681609071912 0.80799920633133016 0.81389115864298189 0.81980205275531004 0.82573126839795019 0.83167818530053872 0.83764218319271111 0.84362264180410373 0.84961894086435219 0.85563046010309218 0.86165657924995986 0.86769667803459105 0.87375013618662123 0.87981633343568699 0.88589464951142383 0.89198446414346755 0.8980851570614542 0.9041961079950197 0.91031669667379989 0.91644630282742989 0.92258430618554688 0.92873008647778621 0.9348830234337836 0.94104249678317509 0.94720788625559649 0.95337857158068351 0.95955393248807253 0.96573334870739891 0.97191619996829848 0.9781018660004076 0.984289726533362 0.99047916129679747 0.99666955002034996 1))
(channel alpha)
(curve
    (curve-type smooth)
    (points 4 0 0 1 1)
    (point-types 2 smooth smooth)
    (n-samples 256)
    (samples 256 0 0.0039215686274509803 0.0078431372549019607 0.011764705882352941 0.015686274509803921 0.019607843137254898 0.023529411764705879 0.027450980392156862 0.031372549019607843 0.035294117647058823 0.039215686274509803 0.043137254901960784 0.047058823529411764 0.050980392156862737 0.054901960784313725 0.058823529411764705 0.062745098039215685 0.066666666666666666 0.070588235294117646 0.074509803921568626 0.078431372549019607 0.082352941176470573 0.086274509803921567 0.090196078431372548 0.094117647058823528 0.098039215686274508 0.10196078431372549 0.10588235294117647 0.10980392156862744 0.11372549019607843 0.11764705882352941 0.12156862745098039 0.12549019607843137 0.12941176470588234 0.13333333333333333 0.13725490196078433 0.14117647058823529 0.14509803921568626 0.14901960784313725 0.15294117647058825 0.15686274509803921 0.16078431372549018 0.16470588235294117 0.16862745098039214 0.17254901960784313 0.1764705882352941 0.18039215686274507 0.18431372549019609 0.18823529411764706 0.19215686274509802 0.19607843137254902 0.20000000000000007 0.20392156862745098 0.20784313725490194 0.21176470588235291 0.21568627450980393 0.2196078431372549 0.22352941176470587 0.22745098039215686 0.23137254901960783 0.23529411764705882 0.23921568627450979 0.24313725490196078 0.24705882352941178 0.25098039215686274 0.25490196078431371 0.25882352941176467 0.2627450980392157 0.26666666666666672 0.27058823529411763 0.27450980392156865 0.27843137254901962 0.28235294117647058 0.28627450980392155 0.29019607843137252 0.29411764705882354 0.29803921568627445 0.30196078431372547 0.30588235294117649 0.30980392156862746 0.31372549019607843 0.31764705882352939 0.32156862745098036 0.32549019607843138 0.32941176470588235 0.33333333333333331 0.33725490196078434 0.3411764705882353 0.34509803921568627 0.34901960784313724 0.3529411764705882 0.35686274509803922 0.36078431372549019 0.3647058823529411 0.36862745098039218 0.37254901960784315 0.37647058823529411 0.38039215686274508 0.38431372549019605 0.38823529411764707 0.39215686274509803 0.396078431372549 0.40000000000000002 0.40392156862745099 0.40784313725490196 0.41176470588235292 0.41568627450980389 0.41960784313725491 0.42352941176470588 0.42745098039215679 0.43137254901960786 0.43529411764705883 0.4392156862745098 0.44313725490196076 0.44705882352941173 0.45098039215686275 0.45490196078431372 0.45882352941176469 0.46274509803921571 0.46666666666666667 0.47058823529411764 0.47450980392156861 0.47843137254901957 0.48235294117647054 0.48627450980392151 0.49019607843137253 0.49411764705882355 0.49803921568627452 0.50196078431372548 0.50588235294117645 0.50980392156862742 0.51372549019607838 0.51764705882352935 0.52156862745098043 0.52549019607843139 0.52941176470588236 0.53333333333333333 0.53725490196078429 0.54117647058823526 0.54509803921568623 0.5490196078431373 0.55294117647058827 0.55686274509803924 0.5607843137254902 0.56470588235294117 0.56862745098039214 0.5725490196078431 0.57647058823529407 0.58039215686274503 0.584313725490196 0.58823529411764708 0.59215686274509793 0.5960784313725489 0.59999999999999998 0.60392156862745083 0.60784313725490191 0.61176470588235299 0.61568627450980395 0.61960784313725492 0.62352941176470589 0.62745098039215685 0.63137254901960782 0.63529411764705879 0.63921568627450975 0.64313725490196072 0.6470588235294118 0.65098039215686276 0.65490196078431373 0.6588235294117647 0.66274509803921566 0.66666666666666663 0.6705882352941176 0.67450980392156867 0.67843137254901964 0.68235294117647061 0.68627450980392157 0.69019607843137254 0.69411764705882351 0.69803921568627447 0.70196078431372544 0.70588235294117641 0.70980392156862748 0.71372549019607834 0.71764705882352942 0.72156862745098027 0.72549019607843124 0.7294117647058822 0.73333333333333317 0.73725490196078436 0.74117647058823533 0.74509803921568629 0.74901960784313726 0.75294117647058822 0.75686274509803919 0.76078431372549016 0.76470588235294112 0.76862745098039209 0.77254901960784317 0.77647058823529413 0.7803921568627451 0.78431372549019629 0.78823529411764726 0.792156862745098 0.79607843137254897 0.80000000000000004 0.80392156862745101 0.80784313725490198 0.81176470588235294 0.81568627450980391 0.81960784313725488 0.82352941176470584 0.82745098039215681 0.83137254901960778 0.83529411764705874 0.83921568627450971 0.84313725490196079 0.84705882352941164 0.85098039215686261 0.85490196078431369 0.85882352941176465 0.86274509803921573 0.8666666666666667 0.87058823529411766 0.87450980392156863 0.8784313725490196 0.88235294117647056 0.88627450980392153 0.8901960784313725 0.89411764705882346 0.89803921568627476 0.90196078431372551 0.90588235294117647 0.90980392156862744 0.9137254901960784 0.91764705882352959 0.92156862745098034 0.92549019607843142 0.92941176470588238 0.93333333333333335 0.93725490196078431 0.94117647058823528 0.94509803921568625 0.94901960784313721 0.95294117647058818 0.95686274509803915 0.96078431372549011 0.96470588235294108 0.96862745098039205 0.97254901960784301 0.97647058823529398 0.98039215686274495 0.98431372549019591 0.9882352941176471 0.99215686274509807 0.99607843137254903 1))

# end of 'Curves' settings
